1,0.0,0.0,200.0,330.0
1,0.0,390.0,200.0,330.0
1,1080.0,390.0,200.0,330.0
1,1080.0,0.0,200.0,330.0
1,199.0,0.0,884.0,15.0
1,200.0,705.0,884.0,15.0
1,200.0,158.0,319.0,15.0
1,290.0,236.0,360.0,15.0
1,200.0,315.0,226.0,15.0
1,200.0,390.0,226.0,15.0
1,519.0,315.0,131.0,15.0
1,634.0,392.0,127.0,15.0
1,633.0,79.0,128.0,15.0
1,406.0,471.0,128.0,15.0
1,634.0,471.0,127.0,15.0
1,515.0,628.0,134.0,15.0
1,761.0,549.0,209.0,15.0
1,761.0,157.0,229.0,15.0
1,970.0,628.0,110.0,15.0
1,971.0,390.0,109.0,15.0
1,971.0,315.0,109.0,15.0
1,859.0,80.0,130.0,15.0
1,421.0,549.0,232.0,15.0
1,406.0,486.0,15.0,158.0
1,294.0,405.0,15.0,237.0
1,859.0,172.0,15.0,313.0
1,746.0,88.0,15.0,306.0
1,633.0,94.0,15.0,80.0
1,634.0,406.0,15.0,66.0
1,635.0,250.0,15.0,66.0
1,294.0,79.0,15.0,80.0
1,406.0,15.0,15.0,80.0
1,859.0,15.0,15.0,65.0
1,519.0,83.0,15.0,153.0
1,519.0,330.0,15.0,141.0
1,746.0,486.0,15.0,158.0
1,970.0,470.0,15.0,158.0
1,971.0,237.0,15.0,79.0
1,859.0,627.0,15.0,78.0
1,634.0,642.0,15.0,63.0
2,1260,310,20,100,0,0,0.65
3,626.0,240.0,275.0,240.0,17.0,3.0
3,275.0,320.0,275.0,240.0,368.0,3.0
3,275.0,320.0,275.0,162.0,251.0,-77.0
3,626.0,240.0,296.0,240.0,-100.0,-75.0
3,275.0,320.0,275.0,236.0,27.0,-155.0
3,275.0,317.0,275.0,230.0,139.0,-225.0
3,275.0,317.0,275.0,230.0,365.0,-144.0
3,275.0,549.0,275.0,231.0,478.0,-145.0
3,626.0,240.0,516.0,240.0,127.0,160.0
3,275.0,240.0,275.0,320.0,368.0,160.0
3,626.0,240.0,516.0,240.0,127.0,240.0
3,275.0,240.0,275.0,401.0,478.0,240.0
3,740.0,240.0,516.0,240.0,237.0,316.0
3,275.0,401.0,275.0,240.0,702.0,234.0
3,627.0,240.0,516.0,240.0,461.0,395.0
3,819.0,240.0,818.5,240.0,461.0,158.0
3,818.5,240.0,275.0,320.0,461.0,82.0
3,275.0,401.0,275.0,320.0,702.0,-79.0
3,275.0,636.0,275.0,320.0,592.0,-155.0
3,452.0,240.0,685.0,240.0,301.0,-75.0
3,515.0,240.0,628.0,240.0,125.0,-154.0
3,275.0,312.0,275.0,230.0,592.0,-225.0
3,516.0,240.0,635.0,240.0,351.0,-153.0
3,275.0,323.0,275.0,240.0,591.0,389.0
3,275.0,323.0,275.0,246.0,366.0,389.0
3,275.0,363.0,275.0,200.0,139.0,278.0
3,628.5,240.0,516.0,240.0,-102.0,238.0
3,275.0,363.0,275.0,208.0,252.0,115.0
3,632.0,240.0,516.0,240.0,11.0,83.0
3,516.0,240.0,752.0,240.0,-102.0,317.0
3,328.0,240.0,752.0,240.0,-328.0,158.0
3,327.5,240.0,752.0,240.0,-327.0,83.0
3,275.0,440.0,275.0,200.0,26.0,198.0
3,500.0,240.5,626.0,240.0,15.0,395.0
3,177.0,240.0,1073.0,240.0,15.0,472.0
3,275.0,514.0,275.0,200.0,-83.0,198.0
3,275.0,514.0,275.0,200.0,813.0,198.0
3,275.0,514.0,275.0,197.0,812.0,-192.0
3,275.0,514.0,275.0,196.0,-82.0,-191.0
3,685.0,240.0,-209.0,240.0,402.0,-235.0
4,250,675,15,5,580,675
4,590,280,15,5,240,280
4,460,50,15,5,800,50
4,805,515,15,5,805,205
5,250,440
5,250,120
5,480,205
5,1030,675
5,690,440
5,900,50