1,0.0,0.0,200.0,220.0
1,0.0,280.0,200.0,440.0
1,1080.0,0.0,200.0,500.0
1,1080.0,561.0,200.0,160.0
1,198.0,705.0,885.0,15.0
1,198.0,0.0,884.0,15.0
1,273.0,635.0,469.0,15.0
1,198.0,565.0,366.0,15.0
1,831.0,423.0,252.0,15.0
1,473.0,209.0,271.0,15.0
1,815.0,209.0,200.0,15.0
1,277.0,137.0,196.0,15.0
1,277.0,66.0,271.0,15.0
1,631.0,67.0,292.0,15.0
1,905.0,137.0,178.0,15.0
1,727.0,280.0,196.0,15.0
1,818.0,352.0,200.0,15.0
1,276.0,494.0,206.0,15.0
1,196.0,205.0,97.0,15.0
1,278.0,280.0,106.0,15.0
1,277.0,350.0,93.0,15.0
1,200.0,423.0,93.0,15.0
1,562.0,494.0,90.0,15.0
1,742.0,493.0,91.0,15.0
1,813.0,565.0,109.0,15.0
1,907.0,494.0,107.0,15.0
1,1012.0,561.0,71.0,15.0
1,652.0,350.0,90.0,15.0
1,472.0,350.0,92.0,15.0
1,562.0,138.0,92.0,15.0
1,278.0,219.0,15.0,62.0
1,368.0,151.0,15.0,76.0
1,369.0,294.0,15.0,200.0
1,458.0,152.0,15.0,290.0
1,547.0,14.0,15.0,139.0
1,729.0,81.0,15.0,129.0
1,815.0,81.0,15.0,129.0
1,997.0,67.0,15.0,71.0
1,907.0,223.0,15.0,58.0
1,1003.0,281.0,15.0,72.0
1,727.0,294.0,15.0,57.0
1,549.0,282.0,15.0,70.0
1,637.0,281.0,15.0,214.0
1,549.0,422.0,15.0,144.0
1,727.0,423.0,15.0,213.0
1,637.0,564.0,15.0,72.0
1,818.0,366.0,15.0,128.0
1,999.0,508.0,15.0,142.0
1,907.0,639.0,15.0,67.0
1,813.0,579.0,15.0,71.0
1,907.0,507.0,15.0,61.0
2,1260,480,20,100,0,0,0.65
3,779.0,240.0,516.0,240.0,309.0,198.0
3,612.0,240.0,516.0,240.0,304.0,340.0
3,606.0,240.0,516.0,240.0,400.0,268.0
3,508.0,227.0,508.0,299.0,408.0,281.0
3,508.0,227.0,508.0,373.0,498.0,281.0
3,790.0,240.0,516.0,240.0,490.0,336.0
3,508.0,227.0,508.0,302.0,312.0,353.0
3,508.0,227.0,508.0,303.0,136.0,347.0
3,612.0,240.0,155.5,240.0,122.0,410.0
3,508.0,87.0,508.0,303.0,226.0,347.0
3,607.0,240.0,516.0,240.0,218.0,268.0
3,508.0,162.0,508.0,303.0,317.0,205.0
3,701.0,240.0,516.0,240.0,309.0,127.0
3,508.0,224.0,508.0,299.0,502.0,68.0
3,508.0,227.0,508.0,299.0,407.0,-3.0
3,701.0,240.0,520.0,240.0,214.0,56.0
3,508.0,227.0,508.0,297.0,226.0,69.0
3,607.0,240.0,518.0,240.0,127.0,126.0
3,508.0,227.0,508.0,445.0,137.0,65.0
3,607.0,240.0,518.0,240.0,38.0,270.0
3,508.0,210.0,508.0,358.0,48.0,223.0
3,607.0,240.0,245.0,240.0,-51.0,341.0
3,668.0,240.0,464.0,240.0,-187.0,270.0
3,508.0,148.0,508.0,362.0,-132.0,148.0
3,607.0,240.0,510.0,240.0,-231.0,125.0
3,607.0,240.0,516.0,240.0,-231.0,56.0
3,508.0,220.0,508.0,297.0,-223.0,-1.0
3,607.0,240.0,322.0,240.0,-322.0,-21.0
3,508.0,215.0,508.0,297.0,-133.0,-63.0
3,704.0,240.0,516.0,240.0,-238.0,-88.0
3,508.0,215.0,508.0,509.0,-42.0,-63.0
3,600.0,240.0,510.0,240.0,-44.0,126.0
3,508.0,224.0,508.0,297.0,48.0,69.0
3,786.0,240.0,516.0,240.0,-50.0,-16.0
3,508.0,155.0,508.0,297.0,228.0,-73.0
3,716.0,240.0,525.0,240.0,298.0,-16.0
3,508.0,157.0,508.0,299.0,315.0,-75.0
3,751.0,240.0,465.0,240.0,169.0,-158.0
3,751.0,240.0,571.0,240.0,337.0,-88.0
3,508.0,225.0,508.0,299.0,496.0,-147.0
3,744.0,240.5,466.0,240.5,-189.0,-159.0
3,508.0,204.0,508.0,342.0,47.0,-189.0
3,613.0,239.0,516.0,239.0,39.0,-86.0
3,1035.0,240.0,141.0,240.0,53.0,471.0
3,1035.0,240.0,141.0,240.0,53.0,-225.0
3,508.0,157.0,508.0,643.0,580.0,-142.0
3,508.0,232.0,508.0,294.0,406.0,417.0
3,508.0,498.0,508.0,633.0,580.0,78.0
3,790.0,240.0,598.0,240.0,490.0,261.0
3,508.0,215.0,508.0,633.0,-314.0,78.0
3,508.0,215.0,508.0,419.0,-314.0,-200.0
3,468.0,240.0,274.0,240.0,-274.0,53.0
3,607.0,240.0,510.0,240.0,-316.0,198.0
4,960,680,15,5,960,550
4,600,615,15,5,240,615
4,780,335,15,5,960,335
4,860,260,15,5,510,260
4,235,180,15,5,235,50
4,1050,50,15,5,600,50
5,1045,625
5,235,650
5,500,50
5,1050,110
5,420,190
5,510,320
5,780,130
5,870,405
5,240,480
5,690,610